 0.00      0.0000      0.0000      0.0911      0.0305       0.307       2.761       4.002     228.652       0.312      17.802       7.939        0.36     116679.    0.7197  
        1.91      0.0222      0.0646      0.0897      0.0308       0.310       2.791       3.937     231.149       0.315      17.513       7.726        0.36     116752.    0.6946  
        3.81      0.0444      0.1256      0.0881      0.0311       0.313       2.819       3.868     233.438       0.318      17.203       7.515        0.36     116830.    0.6696  
        5.72      0.0666      0.1832      0.0864      0.0314       0.316       2.843       3.793     235.464       0.321      16.871       7.306        0.36     116915.    0.6447  
        7.63      0.0888      0.2374      0.0846      0.0316       0.318       2.864       3.713     237.171       0.324      16.515       7.101        0.36     117006.    0.6199  
        9.53      0.1111      0.2883      0.0826      0.0318       0.320       2.880       3.627     238.499       0.325      16.134       6.898        0.36     117103.    0.5953  
       11.44      0.1333      0.3360      0.0805      0.0319       0.321       2.891       3.536     239.389       0.327      15.728       6.700        0.36     117207.    0.5709  
       13.35      0.1555      0.3806      0.0783      0.0320       0.322       2.895       3.439     239.778       0.327      15.296       6.505        0.36     117317.    0.5466  
       15.25      0.1777      0.4222      0.0760      0.0320       0.321       2.893       3.335     239.606       0.327      14.835       6.314        0.36     117435.    0.5225  
       17.16      0.1999      0.4608      0.0735      0.0319       0.320       2.884       3.225     238.811       0.326      14.347       6.126        0.36     117560.    0.4985  
       19.07      0.2221      0.4966      0.0708      0.0317       0.318       2.866       3.109     237.333       0.324      13.829       5.942        0.36     117692.    0.4747  
       20.97      0.2443      0.5297      0.0680      0.0314       0.315       2.839       2.986     235.117       0.321      13.283       5.761        0.36     117831.    0.4511  
       22.88      0.2665      0.5599      0.0651      0.0310       0.311       2.803       2.857     232.109       0.317      12.706       5.582        0.36     117978.    0.4275  
       24.79      0.2887      0.5874      0.0620      0.0305       0.306       2.756       2.721     228.259       0.311      12.101       5.406        0.36     118133.    0.4040  
       26.69      0.3110      0.6121      0.0587      0.0298       0.300       2.699       2.578     223.524       0.305      11.466       5.231        0.36     118296.    0.3805  
       28.60      0.3332      0.6339      0.0553      0.0291       0.292       2.631       2.429     217.866       0.297      10.802       5.056        0.36     118466.    0.3570  
       30.51      0.3554      0.6527      0.0518      0.0282       0.283       2.551       2.273     211.268       0.288      10.111       4.880        0.36     118644.    0.3334  
       32.41      0.3776      0.6682      0.0481      0.0272       0.273       2.460       2.112     203.749       0.278       9.396       4.702        0.36     118830.    0.3097  
       34.32      0.3998      0.6802      0.0443      0.0261       0.262       2.359       1.947     195.332       0.266       8.660       4.521        0.36     119024.    0.2858  
       36.23      0.4220      0.6881      0.0405      0.0248       0.249       2.246       1.777     186.039       0.254       7.905       4.333        0.36     119226.    0.2617  
       38.13      0.4442      0.6915      0.0365      0.0235       0.236       2.124       1.604     175.888       0.240       7.135       4.136        0.36     119436.    0.2374  
       40.04      0.4664      0.6893      0.0325      0.0220       0.221       1.991       1.428     164.900       0.225       6.351       3.927        0.36     119654.    0.2126  
       41.95      0.4886      0.6806      0.0284      0.0204       0.205       1.849       1.249     153.099       0.209       5.557       3.701        0.36     119880.    0.1874  
       43.85      0.5109      0.6633      0.0243      0.0187       0.188       1.697       1.069     140.517       0.192       4.754       3.450        0.36     120115.    0.1616  
       45.76      0.5331      0.6349      0.0202      0.0170       0.171       1.536       0.888     127.194       0.174       3.948       3.165        0.36     120357.    0.1351  
       47.67      0.5553      0.5912      0.0161      0.0151       0.152       1.367       0.706     113.183       0.154       3.140       2.829        0.37     120608.    0.1077  
       49.57      0.5775      0.5252      0.0120      0.0131       0.132       1.190       0.525      98.551       0.134       2.336       2.417        0.37     120868.    0.0794  
       51.48      0.5997      0.4249      0.0079      0.0111       0.112       1.007       0.346      83.385       0.114       1.540       1.883        0.37     121135.    0.0502  
       53.39      0.6219      0.2664      0.0039      0.0090       0.091       0.818       0.170      67.784       0.092       0.757       1.138        0.37     121411.    0.0213  
       55.29      0.6441     -0.0056     -0.0001      0.0069       0.069       0.625      -0.003      51.775       0.071      -0.012      -0.023        0.37     121687.    0.0000  