 0.00      0.0000      0.0000      0.0975      0.0345       0.186       2.351       2.983     139.059       0.266      13.267       9.729        0.28     121826.    0.7042  
        1.54      0.0232      0.0637      0.0958      0.0348       0.189       2.376       2.932     140.578       0.268      13.043       9.461        0.28     121908.    0.6790  
        3.07      0.0464      0.1239      0.0940      0.0352       0.190       2.400       2.878     141.965       0.271      12.802       9.195        0.28     121996.    0.6538  
        4.61      0.0695      0.1805      0.0921      0.0355       0.192       2.420       2.820     143.187       0.273      12.544       8.933        0.28     122091.    0.6288  
        6.15      0.0927      0.2338      0.0901      0.0357       0.193       2.438       2.758     144.211       0.275      12.269       8.675        0.28     122192.    0.6039  
        7.68      0.1159      0.2836      0.0880      0.0359       0.194       2.451       2.692     145.005       0.277      11.975       8.422        0.28     122301.    0.5791  
        9.22      0.1391      0.3303      0.0857      0.0361       0.195       2.460       2.622     145.531       0.278      11.663       8.172        0.28     122417.    0.5546  
       10.76      0.1623      0.3738      0.0832      0.0361       0.195       2.464       2.547     145.752       0.278      11.331       7.927        0.28     122541.    0.5303  
       12.29      0.1854      0.4142      0.0806      0.0361       0.195       2.462       2.468     145.629       0.278      10.978       7.687        0.28     122673.    0.5061  
       13.83      0.2086      0.4517      0.0779      0.0360       0.195       2.453       2.384     145.123       0.277      10.604       7.451        0.28     122812.    0.4822  
       15.37      0.2318      0.4863      0.0750      0.0357       0.193       2.438       2.295     144.197       0.275      10.209       7.220        0.28     122960.    0.4584  
       16.90      0.2550      0.5181      0.0719      0.0354       0.192       2.414       2.202     142.814       0.273       9.793       6.992        0.28     123115.    0.4348  
       18.44      0.2782      0.5471      0.0687      0.0349       0.189       2.383       2.103     140.946       0.269       9.356       6.769        0.28     123279.    0.4114  
       19.98      0.3013      0.5734      0.0654      0.0344       0.186       2.343       2.001     138.579       0.265       8.899       6.548        0.28     123452.    0.3882  
       21.51      0.3245      0.5970      0.0619      0.0336       0.182       2.294       1.894     135.702       0.259       8.424       6.330        0.28     123633.    0.3651  
       23.05      0.3477      0.6178      0.0583      0.0328       0.177       2.237       1.783     132.311       0.253       7.933       6.114        0.28     123823.    0.3422  
       24.58      0.3709      0.6357      0.0546      0.0318       0.172       2.171       1.670     128.398       0.245       7.426       5.898        0.28     124021.    0.3194  
       26.12      0.3941      0.6506      0.0507      0.0307       0.166       2.095       1.553     123.957       0.237       6.906       5.681        0.28     124229.    0.2967  
       27.66      0.4172      0.6623      0.0468      0.0295       0.160       2.011       1.433     118.980       0.227       6.373       5.462        0.28     124445.    0.2740  
       29.19      0.4404      0.6704      0.0428      0.0281       0.152       1.918       1.310     113.461       0.217       5.828       5.238        0.28     124670.    0.2513  
       30.73      0.4636      0.6745      0.0387      0.0266       0.144       1.815       1.185     107.394       0.205       5.273       5.007        0.28     124904.    0.2285  
       32.27      0.4868      0.6738      0.0346      0.0250       0.135       1.704       1.058     100.774       0.192       4.708       4.764        0.28     125147.    0.2054  
       33.80      0.5100      0.6674      0.0304      0.0232       0.126       1.582       0.929      93.598       0.179       4.134       4.504        0.28     125400.    0.1820  
       35.34      0.5331      0.6536      0.0261      0.0213       0.115       1.452       0.799      85.866       0.164       3.552       4.219        0.28     125661.    0.1580  
       36.88      0.5563      0.6300      0.0218      0.0192       0.104       1.311       0.667      77.582       0.148       2.965       3.897        0.28     125932.    0.1333  
       38.41      0.5795      0.5925      0.0174      0.0170       0.092       1.162       0.533      68.754       0.131       2.372       3.518        0.28     126212.    0.1077  
       39.95      0.6027      0.5342      0.0131      0.0147       0.080       1.004       0.399      59.397       0.113       1.777       3.050        0.28     126501.    0.0808  
       41.49      0.6259      0.4418      0.0087      0.0123       0.066       0.837       0.265      49.531       0.095       1.180       2.429        0.28     126799.    0.0524  
       43.02      0.6490      0.2865      0.0043      0.0097       0.053       0.662       0.131      39.182       0.075       0.584       1.519        0.28     127105.    0.0231  
       44.56      0.6722     -0.0093     -0.0001      0.0070       0.038       0.479      -0.003      28.312       0.054      -0.013      -0.047        0.28     127404.    0.0000  