 0.00      0.0000      0.0000      0.0980      0.0341       0.318       3.345       4.318     237.465       0.378      19.206       8.247        0.33     146185.    0.7183  
        1.86      0.0233      0.0652      0.0963      0.0345       0.322       3.383       4.245     240.159       0.382      18.880       8.016        0.33     146284.    0.6922  
        3.71      0.0467      0.1267      0.0945      0.0348       0.325       3.418       4.166     242.619       0.386      18.530       7.788        0.33     146391.    0.6662  
        5.57      0.0700      0.1846      0.0926      0.0351       0.328       3.448       4.082     244.787       0.390      18.156       7.563        0.33     146506.    0.6404  
        7.42      0.0933      0.2390      0.0906      0.0354       0.331       3.474       3.992     246.605       0.392      17.756       7.342        0.33     146629.    0.6148  
        9.28      0.1167      0.2899      0.0884      0.0356       0.333       3.494       3.896     248.013       0.395      17.329       7.125        0.33     146761.    0.5894  
       11.14      0.1400      0.3374      0.0861      0.0357       0.334       3.507       3.794     248.945       0.396      16.874       6.912        0.33     146902.    0.5642  
       12.99      0.1633      0.3818      0.0836      0.0358       0.334       3.512       3.685     249.336       0.397      16.389       6.703        0.33     147053.    0.5393  
       14.85      0.1867      0.4230      0.0810      0.0357       0.334       3.509       3.569     249.115       0.396      15.875       6.498        0.33     147212.    0.5145  
       16.70      0.2100      0.4612      0.0782      0.0356       0.333       3.497       3.446     248.214       0.395      15.330       6.298        0.33     147381.    0.4900  
       18.56      0.2333      0.4965      0.0753      0.0354       0.331       3.473       3.317     246.564       0.392      14.754       6.102        0.33     147561.    0.4657  
       20.42      0.2567      0.5289      0.0722      0.0350       0.327       3.439       3.180     244.102       0.388      14.146       5.909        0.33     147750.    0.4417  
       22.27      0.2800      0.5585      0.0689      0.0345       0.323       3.392       3.037     240.780       0.383      13.507       5.720        0.33     147949.    0.4178  
       24.13      0.3033      0.5854      0.0655      0.0339       0.317       3.333       2.887     236.570       0.377      12.840       5.535        0.33     148158.    0.3941  
       25.98      0.3266      0.6096      0.0620      0.0332       0.310       3.261       2.731     231.458       0.368      12.147       5.351        0.33     148378.    0.3706  
       27.84      0.3500      0.6310      0.0583      0.0323       0.302       3.176       2.570     225.430       0.359      11.429       5.170        0.34     148609.    0.3473  
       29.70      0.3733      0.6495      0.0545      0.0313       0.293       3.078       2.403     218.476       0.348      10.690       4.989        0.34     148850.    0.3242  
       31.55      0.3966      0.6651      0.0507      0.0302       0.282       2.966       2.232     210.582       0.335       9.930       4.809        0.34     149101.    0.3011  
       33.41      0.4200      0.6775      0.0467      0.0289       0.271       2.842       2.057     201.737       0.321       9.152       4.626        0.34     149364.    0.2781  
       35.26      0.4433      0.6863      0.0426      0.0275       0.257       2.704       1.879     191.929       0.305       8.356       4.440        0.34     149637.    0.2550  
       37.12      0.4666      0.6912      0.0385      0.0260       0.243       2.552       1.696     181.146       0.288       7.545       4.247        0.34     149922.    0.2319  
       38.98      0.4900      0.6913      0.0343      0.0243       0.227       2.386       1.511     169.380       0.270       6.720       4.046        0.34     150217.    0.2084  
       40.83      0.5133      0.6856      0.0300      0.0225       0.210       2.206       1.323     156.627       0.249       5.883       3.830        0.34     150524.    0.1846  
       42.69      0.5366      0.6724      0.0257      0.0205       0.192       2.013       1.132     142.887       0.227       5.035       3.593        0.34     150841.    0.1602  
       44.54      0.5600      0.6490      0.0213      0.0184       0.172       1.806       0.939     128.168       0.204       4.177       3.324        0.34     151170.    0.1350  
       46.40      0.5833      0.6110      0.0169      0.0161       0.151       1.585       0.745     112.486       0.179       3.314       3.004        0.34     151510.    0.1087  
       48.26      0.6066      0.5503      0.0125      0.0138       0.129       1.351       0.550      95.869       0.153       2.445       2.601        0.34     151861.    0.0808  
       50.11      0.6300      0.4506      0.0080      0.0112       0.105       1.104       0.354      78.357       0.125       1.576       2.051        0.34     152223.    0.0512  
       51.97      0.6533      0.2742      0.0036      0.0086       0.080       0.845       0.159      59.995       0.095       0.708       1.204        0.34     152595.    0.0201                                                                         